15 15 1734528074
21 17 1734528074
37 18 1734528074
49 19 1734528074
112 20 1734528074
129 23 1734528074
132 24 1734528074
142 25 1734528074
15 14.9777 1734528104
21 17.0766 1734528104
37 17.9743 1734528104
49 19.2049 1734528104
112 20.1788 1734528104
129 23.2239 1734528104
132 23.992 1734528104
142 25.0229 1734528104
15 15.0362 1734528134
21 17.2395 1734528134
37 18.1211 1734528134
49 19.1007 1734528134
112 19.963 1734528134
129 23.4257 1734528134
132 24.0782 1734528134
142 24.8316 1734528134
15 15.2313 1734528164
21 17.2648 1734528164
37 18.2118 1734528164
49 19.2046 1734528164
112 19.9967 1734528164
129 23.4699 1734528164
132 24.0192 1734528164
142 24.8326 1734528164
15 15.125 1734528194
21 17.2829 1734528194
37 18.3196 1734528194
49 19.1512 1734528194
112 20.1663 1734528194
129 23.6911 1734528194
132 24.0671 1734528194
142 24.9671 1734528194
15 14.987 1734528224
21 17.1017 1734528224
37 18.4613 1734528224
49 19.3339 1734528224
112 20.3907 1734528224
129 23.4575 1734528224
132 24.0076 1734528224
142 24.7596 1734528224
15 15.1987 1734528254
21 17.3426 1734528254
37 18.5848 1734528254
49 19.5286 1734528254
112 20.4654 1734528254
129 23.6563 1734528254
132 23.967 1734528254
142 24.8256 1734528254
15 15.4122 1734528284
21 17.4427 1734528284
37 18.7566 1734528284
49 19.5822 1734528284
112 20.5408 1734528284
129 23.4974 1734528284
132 24.0416 1734528284
142 24.7046 1734528284
15 15.5574 1734528314
21 17.5596 1734528314
37 18.7945 1734528314
49 19.7232 1734528314
112 20.4314 1734528314
129 23.3981 1734528314
132 24.0364 1734528314
142 24.9068 1734528314
15 15.346 1734528344
21 17.7655 1734528344
37 18.8074 1734528344
49 19.8774 1734528344
112 20.6187 1734528344
129 23.2047 1734528344
132 24.2599 1734528344
142 25.0137 1734528344
15 15.1845 1734528374
21 17.7793 1734528374
37 18.9721 1734528374
49 19.8227 1734528374
112 20.4769 1734528374
129 23.0176 1734528374
132 24.4876 1734528374
142 25.0609 1734528374
15 15.0939 1734528404
21 17.9903 1734528404
37 18.7365 1734528404
49 19.8532 1734528404
112 20.3775 1734528404
129 22.8035 1734528404
132 24.455 1734528404
142 25.2843 1734528404
15 15.0361 1734528434
21 17.8263 1734528434
37 18.7986 1734528434
49 19.6139 1734528434
112 20.3568 1734528434
129 22.692 1734528434
132 24.6562 1734528434
142 25.1282 1734528434
15 15.1708 1734528464
21 17.7477 1734528464
37 19.0173 1734528464
49 19.6736 1734528464
112 20.4302 1734528464
129 22.7547 1734528464
132 24.8734 1734528464
142 25.2296 1734528464
15 15.2209 1734528494
21 17.9462 1734528494
37 19.1833 1734528494
49 19.497 1734528494
112 20.3403 1734528494
129 22.5476 1734528494
132 24.8381 1734528494
142 25.4042 1734528494
15 15.0011 1734528524
21 17.8384 1734528524
37 19.1433 1734528524
49 19.5204 1734528524
112 20.5089 1734528524
129 22.6457 1734528524
132 24.7926 1734528524
142 25.4967 1734528524
15 14.9807 1734528554
21 17.8046 1734528554
37 18.9632 1734528554
49 19.2883 1734528554
112 20.6561 1734528554
129 22.7102 1734528554
132 24.5632 1734528554
142 25.3288 1734528554
15 15.1956 1734528584
21 17.982 1734528584
37 18.9561 1734528584
49 19.353 1734528584
112 20.4265 1734528584
129 22.6858 1734528584
132 24.6559 1734528584
142 25.3999 1734528584
15 15.1146 1734528614
21 17.9041 1734528614
37 18.8253 1734528614
49 19.1172 1734528614
112 20.3606 1734528614
129 22.931 1734528614
132 24.4124 1734528614
142 25.4851 1734528614
15 14.8882 1734528644
21 18.0459 1734528644
37 18.7003 1734528644
49 19.3026 1734528644
112 20.1317 1734528644
129 22.814 1734528644
132 24.5039 1734528644
142 25.3461 1734528644
15 14.984 1734528674
21 18.0064 1734528674
37 18.8104 1734528674
49 19.4992 1734528674
112 20.0802 1734528674
129 22.964 1734528674
132 24.5632 1734528674
142 25.4405 1734528674
15 15.2311 1734528704
21 17.7951 1734528704
37 18.7714 1734528704
49 19.5679 1734528704
112 20.1827 1734528704
129 22.8351 1734528704
132 24.6507 1734528704
142 25.2985 1734528704
15 15.4673 1734528734
21 17.6152 1734528734
37 18.7811 1734528734
49 19.7996 1734528734
112 20.1309 1734528734
129 22.9131 1734528734
132 24.5821 1734528734
142 25.1495 1734528734
15 15.5067 1734528764
21 17.8001 1734528764
37 18.7652 1734528764
49 19.933 1734528764
112 20.1315 1734528764
129 23.1606 1734528764
132 24.5048 1734528764
142 24.9371 1734528764
15 15.7289 1734528794
21 17.8018 1734528794
37 19.0029 1734528794
49 20.1769 1734528794
112 20.3177 1734528794
129 23.0473 1734528794
132 24.5651 1734528794
142 25.0819 1734528794
15 15.9318 1734528824
21 17.9885 1734528824
37 18.8327 1734528824
49 20.0324 1734528824
112 20.2442 1734528824
129 23.1403 1734528824
132 24.6479 1734528824
142 25.2448 1734528824
15 15.8975 1734528854
21 18.1248 1734528854
37 19.009 1734528854
49 20.228 1734528854
112 20.2674 1734528854
129 23.1189 1734528854
132 24.5574 1734528854
142 25.4298 1734528854
15 16.0891 1734528884
21 17.9244 1734528884
37 18.9882 1734528884
49 20.2407 1734528884
112 20.1536 1734528884
129 23.1315 1734528884
132 24.7374 1734528884
142 25.562 1734528884
15 16.2441 1734528914
21 18.1218 1734528914
37 19.1871 1734528914
49 20.4335 1734528914
112 19.9502 1734528914
129 23.0062 1734528914
132 24.7685 1734528914
142 25.6894 1734528914
15 16.0374 1734528944
21 18.2439 1734528944
37 19.4144 1734528944
49 20.5704 1734528944
112 19.9684 1734528944
129 22.8625 1734528944
132 25.0062 1734528944
142 25.7193 1734528944
15 16.1834 1734528974
21 18.3188 1734528974
37 19.5483 1734528974
49 20.6315 1734528974
112 20.0942 1734528974
129 23.0358 1734528974
132 24.9274 1734528974
142 25.6038 1734528974
15 16.013 1734529004
21 18.2782 1734529004
37 19.4511 1734529004
49 20.7131 1734529004
112 20.0386 1734529004
129 22.8071 1734529004
132 25.0926 1734529004
142 25.6755 1734529004
15 15.9126 1734529034
21 18.43 1734529034
37 19.4054 1734529034
49 20.6265 1734529034
112 20.0007 1734529034
129 22.6247 1734529034
132 25.2076 1734529034
142 25.8961 1734529034
15 15.7505 1734529064
21 18.2373 1734529064
37 19.3488 1734529064
49 20.8654 1734529064
112 20.0018 1734529064
129 22.6971 1734529064
132 25.1373 1734529064
142 25.652 1734529064
15 15.7406 1734529094
21 18.3914 1734529094
37 19.2083 1734529094
49 20.6701 1734529094
112 19.8155 1734529094
129 22.9187 1734529094
132 24.9824 1734529094
142 25.4112 1734529094
15 15.8099 1734529124
21 18.4303 1734529124
37 19.0156 1734529124
49 20.7322 1734529124
112 19.9123 1734529124
129 22.9601 1734529124
132 25.0439 1734529124
142 25.5757 1734529124
15 15.6467 1734529154
21 18.5939 1734529154
37 19.0553 1734529154
49 20.9274 1734529154
112 20.1151 1734529154
129 22.8873 1734529154
132 25.2521 1734529154
142 25.7287 1734529154
15 15.4175 1734529184
21 18.8426 1734529184
37 18.8754 1734529184
49 21.1073 1734529184
112 20.1795 1734529184
129 22.7802 1734529184
132 25.0043 1734529184
142 25.7018 1734529184
15 15.3484 1734529214
21 18.655 1734529214
37 18.9158 1734529214
49 21.1731 1734529214
112 20.2156 1734529214
129 22.8729 1734529214
132 24.9193 1734529214
142 25.4987 1734529214
15 15.1826 1734529244
21 18.4889 1734529244
37 19.1058 1734529244
49 21.1812 1734529244
112 20.218 1734529244
129 22.6382 1734529244
132 24.8483 1734529244
142 25.6131 1734529244
15 15.1444 1734529274
21 18.2914 1734529274
37 18.871 1734529274
49 21.3407 1734529274
112 20.4146 1734529274
129 22.8732 1734529274
132 24.6671 1734529274
142 25.6939 1734529274
15 15.1738 1734529304
21 18.3092 1734529304
37 18.9134 1734529304
49 21.2331 1734529304
112 20.6385 1734529304
129 23.1 1734529304
132 24.4857 1734529304
142 25.8495 1734529304
15 15.0389 1734529334
21 18.3252 1734529334
37 18.6997 1734529334
49 21.1747 1734529334
112 20.4245 1734529334
129 22.8753 1734529334
132 24.5312 1734529334
142 25.6648 1734529334
15 15.195 1734529364
21 18.4717 1734529364
37 18.6523 1734529364
49 21.1172 1734529364
112 20.4824 1734529364
129 22.7799 1734529364
132 24.6615 1734529364
142 25.7468 1734529364
15 15.1399 1734529394
21 18.5828 1734529394
37 18.4037 1734529394
49 21.1181 1734529394
112 20.56 1734529394
129 22.8426 1734529394
132 24.8336 1734529394
142 25.8232 1734529394
15 15.2192 1734529424
21 18.7948 1734529424
37 18.4844 1734529424
49 20.9549 1734529424
112 20.4323 1734529424
129 22.8185 1734529424
132 24.9567 1734529424
142 25.6229 1734529424
15 15.0635 1734529454
21 18.9136 1734529454
37 18.2876 1734529454
49 21.1934 1734529454
112 20.2895 1734529454
129 22.9899 1734529454
132 24.9839 1734529454
142 25.4729 1734529454
15 15.2992 1734529484
21 19.098 1734529484
37 18.4248 1734529484
49 21.2039 1734529484
112 20.1016 1734529484
129 22.8705 1734529484
132 24.922 1734529484
142 25.2697 1734529484
15 15.0643 1734529514
21 19.2828 1734529514
37 18.4791 1734529514
49 21.0146 1734529514
112 20.0648 1734529514
129 22.7715 1734529514
132 24.7306 1734529514
142 25.2473 1734529514
15 14.8874 1734529544
21 19.1379 1734529544
37 18.511 1734529544
49 20.7714 1734529544
112 19.9365 1734529544
129 23.0139 1734529544
132 24.9382 1734529544
142 25.276 1734529544
15 14.8503 1734529574
21 19.3617 1734529574
37 18.2919 1734529574
49 20.7 1734529574
112 19.8905 1734529574
129 23.036 1734529574
132 24.7798 1734529574
142 25.3042 1734529574
15 14.8629 1734529604
21 19.3864 1734529604
37 18.4783 1734529604
49 20.6011 1734529604
112 19.9378 1734529604
129 23.1466 1734529604
132 24.8549 1734529604
142 25.5203 1734529604
15 15.0283 1734529634
21 19.2642 1734529634
37 18.6064 1734529634
49 20.829 1734529634
112 19.8979 1734529634
129 23.0931 1734529634
132 24.7813 1734529634
142 25.3704 1734529634
15 15.1726 1734529664
21 19.2511 1734529664
37 18.7182 1734529664
49 20.6589 1734529664
112 19.834 1734529664
129 22.8498 1734529664
132 24.6674 1734529664
142 25.2407 1734529664
15 15.366 1734529694
21 19.0483 1734529694
37 18.961 1734529694
49 20.7191 1734529694
112 19.7389 1734529694
129 22.9672 1734529694
132 24.511 1734529694
142 25.4205 1734529694
15 15.3618 1734529724
21 18.9404 1734529724
37 18.9416 1734529724
49 20.5051 1734529724
112 19.5162 1734529724
129 22.8572 1734529724
132 24.4457 1734529724
142 25.4054 1734529724
15 15.5422 1734529754
21 18.8271 1734529754
37 18.8161 1734529754
49 20.6778 1734529754
112 19.4135 1734529754
129 22.9031 1734529754
132 24.6643 1734529754
142 25.2139 1734529754
15 15.3785 1734529784
21 19.0194 1734529784
37 18.8642 1734529784
49 20.6354 1734529784
112 19.4694 1734529784
129 22.679 1734529784
132 24.4393 1734529784
142 25.173 1734529784
15 15.2981 1734529814
21 18.8031 1734529814
37 18.9739 1734529814
49 20.5099 1734529814
112 19.6993 1734529814
129 22.7184 1734529814
132 24.504 1734529814
142 25.1073 1734529814
15 15.4011 1734529844
21 18.8044 1734529844
37 18.8723 1734529844
49 20.5361 1734529844
112 19.609 1734529844
129 22.5884 1734529844
132 24.7376 1734529844
142 25.0496 1734529844
15 15.3879 1734529874
21 18.7654 1734529874
37 18.9047 1734529874
49 20.4447 1734529874
112 19.6488 1734529874
129 22.3883 1734529874
132 24.6911 1734529874
142 25.001 1734529874
15 15.5531 1734529904
21 18.5857 1734529904
37 19.0274 1734529904
49 20.3949 1734529904
112 19.8613 1734529904
129 22.5916 1734529904
132 24.5717 1734529904
142 24.913 1734529904
15 15.469 1734529934
21 18.5598 1734529934
37 19.2526 1734529934
49 20.2713 1734529934
112 19.6724 1734529934
129 22.7791 1734529934
132 24.4561 1734529934
142 24.967 1734529934
15 15.2294 1734529964
21 18.7743 1734529964
37 19.4068 1734529964
49 20.1679 1734529964
112 19.4978 1734529964
129 22.6598 1734529964
132 24.3025 1734529964
142 24.8957 1734529964
15 15.0549 1734529994
21 18.7647 1734529994
37 19.5597 1734529994
49 20.3528 1734529994
112 19.5271 1734529994
129 22.7341 1734529994
132 24.3527 1734529994
142 25.0516 1734529994
15 14.8737 1734530024
21 18.9062 1734530024
37 19.676 1734530024
49 20.2058 1734530024
112 19.6621 1734530024
129 22.9123 1734530024
132 24.3451 1734530024
142 25.1795 1734530024
15 14.8985 1734530054
21 18.7811 1734530054
37 19.7704 1734530054
49 20.3173 1734530054
112 19.5784 1734530054
129 22.7507 1734530054
132 24.1666 1734530054
142 24.9329 1734530054
15 14.9105 1734530084
21 18.5441 1734530084
37 19.9312 1734530084
49 20.3941 1734530084
112 19.703 1734530084
129 22.6012 1734530084
132 24.2378 1734530084
142 25.0741 1734530084
15 15.1565 1734530114
21 18.7625 1734530114
37 19.8451 1734530114
49 20.6038 1734530114
112 19.5068 1734530114
129 22.7709 1734530114
132 24.135 1734530114
142 25.0581 1734530114
15 15.1456 1734530144
21 18.9587 1734530144
37 19.746 1734530144
49 20.7699 1734530144
112 19.3531 1734530144
129 22.6573 1734530144
132 24.2696 1734530144
142 24.8191 1734530144
15 14.9269 1734530174
21 18.7886 1734530174
37 19.8325 1734530174
49 20.6671 1734530174
112 19.1803 1734530174
129 22.6455 1734530174
132 24.4629 1734530174
142 24.5748 1734530174
15 14.8158 1734530204
21 18.5713 1734530204
37 19.9989 1734530204
49 20.8282 1734530204
112 18.9678 1734530204
129 22.7162 1734530204
132 24.5403 1734530204
142 24.3614 1734530204
15 14.7392 1734530234
21 18.4057 1734530234
37 20.0207 1734530234
49 21.0304 1734530234
112 19.2134 1734530234
129 22.6149 1734530234
132 24.7066 1734530234
142 24.3128 1734530234
15 14.5791 1734530264
21 18.487 1734530264
37 19.9558 1734530264
49 21.2365 1734530264
112 18.9658 1734530264
129 22.4571 1734530264
132 24.5289 1734530264
142 24.4308 1734530264
15 14.8141 1734530294
21 18.6303 1734530294
37 19.804 1734530294
49 20.9955 1734530294
112 18.7861 1734530294
129 22.6852 1734530294
132 24.4245 1734530294
142 24.2651 1734530294
15 14.6016 1734530324
21 18.5453 1734530324
37 19.7229 1734530324
49 20.9305 1734530324
112 18.7879 1734530324
129 22.7412 1734530324
132 24.2093 1734530324
142 24.0505 1734530324
15 14.3995 1734530354
21 18.7367 1734530354
37 19.6744 1734530354
49 20.7067 1734530354
112 18.5962 1734530354
129 22.5641 1734530354
132 24.0789 1734530354
142 23.9559 1734530354
15 14.509 1734530384
21 18.6631 1734530384
37 19.5826 1734530384
49 20.5664 1734530384
112 18.6165 1734530384
129 22.4538 1734530384
132 23.9545 1734530384
142 24.1857 1734530384
15 14.7273 1734530414
21 18.6185 1734530414
37 19.7647 1734530414
49 20.3892 1734530414
112 18.3683 1734530414
129 22.3568 1734530414
132 24.0048 1734530414
142 24.2775 1734530414
15 14.8364 1734530444
21 18.8404 1734530444
37 19.8679 1734530444
49 20.5594 1734530444
112 18.2741 1734530444
129 22.1076 1734530444
132 23.9297 1734530444
142 24.0508 1734530444
15 14.6219 1734530474
21 18.7413 1734530474
37 19.6418 1734530474
49 20.4616 1734530474
112 18.146 1734530474
129 22.0038 1734530474
132 23.8409 1734530474
142 23.8169 1734530474
15 14.7199 1734530504
21 18.5514 1734530504
37 19.4269 1734530504
49 20.4436 1734530504
112 18.145 1734530504
129 22.1801 1734530504
132 23.8813 1734530504
142 23.6621 1734530504
15 14.5333 1734530534
21 18.6713 1734530534
37 19.5642 1734530534
49 20.3544 1734530534
112 18.1406 1734530534
129 21.9838 1734530534
132 23.6546 1734530534
142 23.8871 1734530534
15 14.4407 1734530564
21 18.8359 1734530564
37 19.3702 1734530564
49 20.5402 1734530564
112 18.139 1734530564
129 21.8149 1734530564
132 23.687 1734530564
142 24.0381 1734530564
15 14.2526 1734530594
21 18.8918 1734530594
37 19.1921 1734530594
49 20.741 1734530594
112 18.2153 1734530594
129 21.5825 1734530594
132 23.5703 1734530594
142 23.9164 1734530594
15 14.042 1734530624
21 18.757 1734530624
37 19.1939 1734530624
49 20.9263 1734530624
112 18.1453 1734530624
129 21.4282 1734530624
132 23.7353 1734530624
142 24.0171 1734530624
15 13.8075 1734530654
21 18.5896 1734530654
37 19.2554 1734530654
49 21.0202 1734530654
112 18.1302 1734530654
129 21.5705 1734530654
132 23.5458 1734530654
142 24.043 1734530654
15 13.6048 1734530684
21 18.4882 1734530684
37 19.0103 1734530684
49 20.9489 1734530684
112 18.0943 1734530684
129 21.4222 1734530684
132 23.6664 1734530684
142 23.9777 1734530684
15 13.5235 1734530714
21 18.3166 1734530714
37 18.9536 1734530714
49 20.7649 1734530714
112 17.9777 1734530714
129 21.4138 1734530714
132 23.5216 1734530714
142 24.202 1734530714
15 13.3814 1734530744
21 18.1401 1734530744
37 19.0154 1734530744
49 20.5359 1734530744
112 18.1781 1734530744
129 21.6162 1734530744
132 23.7059 1734530744
142 24.3145 1734530744
15 13.4751 1734530774
21 17.9039 1734530774
37 18.8837 1734530774
49 20.4843 1734530774
112 18.2856 1734530774
129 21.6768 1734530774
132 23.5001 1734530774
142 24.1839 1734530774
15 13.3475 1734530804
21 18.0345 1734530804
37 18.9669 1734530804
49 20.3044 1734530804
112 18.4499 1734530804
129 21.6669 1734530804
132 23.2863 1734530804
142 24.3372 1734530804
15 13.5387 1734530834
21 18.2312 1734530834
37 19.0596 1734530834
49 20.4223 1734530834
112 18.5685 1734530834
129 21.5641 1734530834
132 23.1947 1734530834
142 24.5857 1734530834
15 13.3489 1734530864
21 17.9815 1734530864
37 18.8405 1734530864
49 20.4773 1734530864
112 18.4531 1734530864
129 21.6604 1734530864
132 23.3541 1734530864
142 24.8287 1734530864
15 13.4978 1734530894
21 17.9218 1734530894
37 18.6068 1734530894
49 20.2451 1734530894
112 18.6579 1734530894
129 21.5816 1734530894
132 23.2213 1734530894
142 24.7658 1734530894
15 13.3807 1734530924
21 17.7141 1734530924
37 18.4763 1734530924
49 20.3658 1734530924
112 18.7028 1734530924
129 21.7169 1734530924
132 23.2188 1734530924
142 24.8121 1734530924
15 13.1397 1734530954
21 17.7618 1734530954
37 18.4869 1734530954
49 20.3517 1734530954
112 18.9418 1734530954
129 21.5816 1734530954
132 23.3827 1734530954
142 24.8555 1734530954
15 13.151 1734530984
21 17.9796 1734530984
37 18.4221 1734530984
49 20.1865 1734530984
112 18.7718 1734530984
129 21.3603 1734530984
132 23.508 1734530984
142 24.6464 1734530984
15 13.0202 1734531014
21 18.1108 1734531014
37 18.6223 1734531014
49 20.166 1734531014
112 18.6956 1734531014
129 21.4935 1734531014
132 23.4354 1734531014
142 24.5739 1734531014
15 12.9433 1734531044
21 17.888 1734531044
37 18.8263 1734531044
49 20.2292 1734531044
112 18.9053 1734531044
129 21.5656 1734531044
132 23.248 1734531044
142 24.3829 1734531044
